0.00000000000000000000,0.00000000000000000000,
1.22828691327424133206,0.00000000000000000000,
2.45657382654848266412,0.00000000000000000000,
3.68486073982272399618,0.00000000000000000000,
4.91314765309696532825,0.00000000000000000000,
6.14143456637120621622,0.00000000000000000000,
7.36972147964544710419,0.00000000000000000000,
8.59800839291968799216,0.00000000000000000000,
9.82629530619392888013,0.00000000000000000000,
11.05458221946816976811,0.00000000000000000000,
12.28286913274241065608,0.00000000000000000000,
13.51115604601665154405,0.00000000000000000000,
14.73944295929089243202,0.00000000000000000000,
15.96772987256513331999,0.00000000000000000000,
17.19601678583937598432,0.00000000000000000000,
18.42430369911361864865,0.00000000000000000000,
19.65259061238786131298,0.00000000000000000000,
20.88087752566210397731,0.00000000000000000000,
22.10916443893634664164,0.00000000000000000000,
23.33745135221058930597,0.00000000000000000000,
24.56573826548483197030,0.00000000000000000000,
25.79402517875907463463,0.00000000000000000000,
27.02231209203331729896,0.00000000000000000000,
28.25059900530755996328,0.00000000000000000000,
29.47888591858180262761,0.00000000000000000000,
30.70717283185604529194,0.00000000000000000000,
31.93545974513028795627,0.00000000000000000000,
33.16374665840452706789,0.00000000000000000000,
34.39203357167876617950,0.00000000000000000000,
35.62032048495300529112,0.00000000000000000000,
36.84860739822724440273,0.00000000000000000000,
38.07689431150148351435,0.00000000000000000000,
39.30518122477572262596,0.00000000000000000000,
40.53346813804996173758,0.00000000000000000000,
41.76175505132420084919,0.00000000000000000000,
42.99004196459843996081,0.00000000000000000000,
44.21832887787267907242,0.00000000000000000000,
45.44661579114691818404,0.00000000000000000000,
46.67490270442115729566,0.00000000000000000000,
47.90318961769539640727,0.00000000000000000000,
49.13147653096963551889,0.00000000000000000000,
50.35976344424387463050,0.00000000000000000000,
51.58805035751811374212,0.00000000000000000000,
52.81633727079235285373,0.00000000000000000000,
54.04462418406659196535,0.00000000000000000000,
55.27291109734083107696,0.00000000000000000000,
56.50119801061507018858,0.00000000000000000000,
57.72948492388930930019,0.00000000000000000000,
58.95777183716354841181,0.00000000000000000000,
60.18605875043778752342,0.00000000000000000000,
61.41434566371202663504,0.00000000000000000000,
62.64263257698626574665,0.00000000000000000000,
63.87091949026050485827,0.00000000000000000000,
65.09920640353475107531,0.00000000000000000000,
66.32749331680899729236,0.00000000000000000000,
67.55578023008324350940,0.00000000000000000000,
68.78406714335748972644,0.00000000000000000000,
70.01235405663173594348,0.00000000000000000000,
71.24064096990598216053,0.00000000000000000000,
72.46892788318022837757,0.00000000000000000000,
73.69721479645447459461,0.00000000000000000000,
74.92550170972872081165,0.00000000000000000000,
76.15378862300296702870,0.00000000000000000000,
77.38207553627721324574,0.00000000000000000000,
78.61036244955145946278,0.00000000000000000000,
79.83864936282570567982,0.00000000000000000000,
81.06693627609995189687,0.00000000000000000000,
82.29522318937419811391,0.00000000000000000000,
83.52351010264844433095,0.00000000000000000000,
84.75179701592269054800,0.00000000000000000000,
85.98008392919693676504,0.00000000000000000000,
87.20837084247118298208,0.00000000000000000000,
88.43665775574542919912,0.00000000000000000000,
89.66494466901967541617,0.00000000000000000000,
90.89323158229392163321,0.00000000000000000000,
92.12151849556816785025,0.00000000000000000000,
93.34980540884241406729,0.00000000000000000000,
94.57809232211666028434,0.00000000000000000000,
95.80637923539090650138,0.00000000000000000000,
97.03466614866515271842,0.00000000000000000000,
98.26295306193939893546,0.00000000000000000000,
99.49123997521364515251,0.00000000000000000000,
100.71952688848789136955,0.00000000000000000000,
101.94781380176213758659,0.00000000000000000000,
103.17610071503638380364,0.00000000000000000000,
104.40438762831063002068,0.00000000000000000000,
105.63267454158487623772,0.00000000000000000000,
106.86096145485912245476,0.00000000000000000000,
108.08924836813336867181,0.00000000000000000000,
109.31753528140761488885,0.00000000000000000000,
110.54582219468186110589,0.00000000000000000000,
111.77410910795610732293,0.00000000000000000000,
113.00239602123035353998,0.00000000000000000000,
114.23068293450459975702,0.00000000000000000000,
115.45896984777884597406,0.00000000000000000000,
116.68725676105309219110,0.00000000000000000000,
117.91554367432733840815,0.00000000000000000000,
119.14383058760158462519,0.00000000000000000000,
120.37211750087583084223,0.00000000000000000000,
121.60040441415007705928,0.00000000000000000000,
122.82869132742432327632,0.00000000000000000000,
124.05697824069856949336,0.00000000000000000000,
125.28526515397281571040,0.00000000000000000000,
126.51355206724706192745,0.00000000000000000000,
127.74183898052130814449,0.00000000000000000000,
128.97012589379554015068,0.00000000000000000000,
130.19841280706978636772,0.00000000000000000000,
131.42669972034403258476,0.00000000000000000000,
132.65498663361827880180,0.00000000000000000000,
133.88327354689252501885,0.00000000000000000000,
135.11156046016677123589,0.00000000000000000000,
136.33984737344101745293,0.00000000000000000000,
137.56813428671526366998,0.00000000000000000000,
138.79642119998950988702,0.00000000000000000000,
140.02470811326375610406,0.00000000000000000000,
141.25299502653800232110,0.00000000000000000000,
142.48128193981224853815,0.00000000000000000000,
143.70956885308649475519,0.00000000000000000000,
144.93785576636074097223,0.00000000000000000000,
146.16614267963498718927,0.00000000000000000000,
147.39442959290923340632,0.00000000000000000000,
148.62271650618347962336,0.00000000000000000000,
149.85100341945772584040,0.00000000000000000000,
151.07929033273197205745,0.00000000000000000000,
152.30757724600621827449,0.00000000000000000000,
153.53586415928046449153,0.00000000000000000000,
154.76415107255471070857,0.00000000000000000000,
155.99243798582895692562,0.00000000000000000000,
157.22072489910320314266,0.00000000000000000000,
158.44901181237744935970,0.00000000000000000000,
159.67729872565169557674,0.00000000000000000000,
160.90558563892594179379,0.00000000000000000000,
162.13387255220018801083,0.00000000000000000000,
163.36215946547443422787,0.00000000000000000000,
164.59044637874868044491,0.00000000000000000000,
165.81873329202292666196,0.00000000000000000000,
167.04702020529717287900,0.00000000000000000000,
168.27530711857141909604,0.00000000000000000000,
169.50359403184566531309,0.00000000000000000000,
170.73188094511991153013,0.00000000000000000000,
171.96016785839415774717,0.00000000000000000000,
173.18845477166840396421,0.00000000000000000000,
174.41674168494265018126,0.00000000000000000000,
175.64502859821689639830,0.00000000000000000000,
176.87331551149114261534,0.00000000000000000000,
178.10160242476538883238,0.00000000000000000000,
179.32988933803963504943,0.00000000000000000000,
180.55817625131388126647,0.00000000000000000000,
181.78646316458812748351,0.00000000000000000000,
183.01475007786237370055,0.00000000000000000000,
184.24303699113661991760,0.00000000000000000000,
185.47132390441086613464,0.00000000000000000000,
186.69961081768511235168,0.00000000000000000000,
187.92789773095935856873,0.00000000000000000000,
189.15618464423360478577,0.00000000000000000000,
190.38447155750785100281,0.07071067811865473784,
191.61275847078209721985,0.07071067811865473784,
192.84104538405634343690,0.07071067811865473784,
194.06933229733058965394,0.07071067811865473784,
195.29761921060483587098,0.07071067811865473784,
196.52590612387908208802,0.14142135623730955896,
197.75419303715332830507,0.14142135623730955896,
198.98247995042757452211,0.14142135623730955896,
200.21076686370182073915,0.14142135623730955896,
201.43905377697606695619,0.07071067811865482111,
202.66734069025031317324,0.07071067811865482111,
203.89562760352455939028,0.07071067811865482111,
205.12391451679880560732,0.07071067811865482111,
206.35220143007305182437,0.07071067811865482111,
207.58048834334729804141,0.07071067811865482111,
208.80877525662154425845,0.07071067811865482111,
210.03706216989579047549,0.00000000000000000000,
211.26534908317003669254,0.00000000000000000000,
212.49363599644428290958,0.00000000000000000000,
213.72192290971852912662,0.00000000000000000000,
214.95020982299277534366,0.00000000000000000000,
216.17849673626702156071,0.00000000000000000000,
217.40678364954126777775,0.00000000000000000000,
218.63507056281551399479,0.00000000000000000000,
219.86335747608976021183,0.00000000000000000000,
221.09164438936400642888,0.00000000000000000000,
222.31993130263825264592,0.00000000000000000000,
223.54821821591249886296,0.07071067811865473784,
224.77650512918674508001,0.07071067811865473784,
226.00479204246099129705,0.07071067811865473784,
227.23307895573523751409,0.07071067811865473784,
228.46136586900948373113,0.07071067811865473784,
229.68965278228372994818,0.07071067811865473784,
230.91793969555797616522,0.07071067811865473784,
232.14622660883222238226,0.07071067811865473784,
233.37451352210646859930,0.09999999999999997780,
234.60280043538071481635,0.09999999999999997780,
235.83108734865496103339,0.09999999999999997780,
237.05937426192920725043,0.09999999999999997780,
238.28766117520345346747,0.07071067811865473784,
239.51594808847769968452,0.07071067811865473784,
240.74423500175194590156,0.07071067811865473784,
241.97252191502619211860,0.07071067811865473784,
243.20080882830043833565,0.07071067811865473784,
244.42909574157468455269,0.14142135623730947569,
245.65738265484893076973,0.14142135623730947569,
246.88566956812317698677,0.14142135623730947569,
248.11395648139742320382,0.14142135623730947569,
249.34224339467166942086,0.14142135623730947569,
250.57053030794591563790,0.14142135623730947569,
251.79881722122016185494,0.07071067811865473784,
253.02710413449440807199,0.07071067811865473784,
254.25539104776865428903,0.07071067811865473784,
255.48367796104290050607,0.14142135623730947569,
256.71196487431711830141,0.14142135623730947569,
257.94025178759136451845,0.14142135623730947569,
259.16853870086561073549,0.14142135623730947569,
260.39682561413985695253,0.14142135623730947569,
261.62511252741410316958,0.14142135623730947569,
262.85339944068834938662,0.14142135623730947569,
264.08168635396259560366,0.14142135623730947569,
265.30997326723684182070,0.07071067811865473784,
266.53826018051108803775,0.07071067811865473784,
267.76654709378533425479,0.07071067811865473784,
268.99483400705958047183,0.07071067811865473784,
270.22312092033382668887,0.07071067811865473784,
271.45140783360807290592,0.07071067811865473784,
272.67969474688231912296,0.07071067811865473784,
273.90798166015656534000,0.07071067811865473784,
275.13626857343081155705,0.07071067811865473784,
276.36455548670505777409,0.07071067811865473784,
277.59284239997930399113,0.07071067811865473784,
278.82112931325355020817,0.07071067811865473784,
280.04941622652779642522,0.07071067811865473784,
281.27770313980204264226,0.07071067811865473784,
282.50599005307628885930,0.07071067811865473784,
283.73427696635053507634,0.07071067811865473784,
284.96256387962478129339,0.00000000000000000000,
286.19085079289902751043,0.00000000000000000000,
287.41913770617327372747,0.00000000000000000000,
288.64742461944751994452,0.00000000000000000000,
289.87571153272176616156,0.00000000000000000000,
291.10399844599601237860,0.00000000000000000000,
292.33228535927025859564,0.00000000000000000000,
293.56057227254450481269,0.00000000000000000000,
294.78885918581875102973,0.00000000000000000000,
296.01714609909299724677,0.00000000000000000000,
297.24543301236724346381,0.00000000000000000000,
298.47371992564148968086,0.00000000000000000000,
299.70200683891573589790,0.00000000000000000000,
300.93029375218998211494,0.00000000000000000000,
302.15858066546422833198,0.00000000000000000000,
303.38686757873847454903,0.00000000000000000000,
304.61515449201272076607,0.00000000000000000000,
305.84344140528696698311,0.00000000000000000000,
307.07172831856121320016,0.00000000000000000000,
308.30001523183545941720,0.00000000000000000000,
309.52830214510970563424,0.00000000000000000000,
310.75658905838395185128,0.00000000000000000000,
311.98487597165819806833,0.00000000000000000000,
313.21316288493244428537,0.00000000000000000000,
